Bound:0.800000,0.000000 0.000000,1.000000
Dir_in:0.000000,0.600000 1.000000,1.000000
Bound:0.000000,0.000000 0.000000,0.000000
Dir_in:0.000000,0.000000 0.000000,0.000000
Bound:0.000000,0.000000 0.000000,0.000000
Dir_in:0.000000,0.000000 0.000000,0.000000
Bound:0.000000,0.000000 0.000000,0.000000
Dir_in:0.000000,0.000000 0.000000,0.000000
Bound:0.000000,0.000000 0.000000,0.000000
Dir_in:0.000000,0.000000 0.000000,0.000000
threshold:500.000000
IP:192.168.2.106
port:8000
admin:admin
code:1234567890a
