Bound:0.000000,0.500000 1.000000,0.500000
Dir_in:0.500000,0.000000 0.500000,1.00000
Bound:0.500000,0.000000 0.500000,1.000000
Dir_in:0.000000,0.500000 1.000000,0.500000
Bound:0.000000,0.000000 0.000000,0.000000
Dir_in:0.000000,0.000000 0.000000,0.000000
Bound:0.000000,0.000000 0.000000,0.000000
Dir_in:0.000000,0.000000 0.000000,0.000000
Bound:0.000000,0.000000 0.000000,0.000000
Dir_in:0.000000,0.000000 0.000000,0.000000
threshold:200.000000
IP:192.168.1.64
port:8000
admin:admin
code:1234567890A
